*C0001
 83  4 2023  1
         2         3         4         5        21        22        23       131
       132       123        -1        -1        -1        -1        -1        -1
*U0002
 -1 -1 -1
Dr. Roberto Bonifaz                    525519971713         525556224140        
XXX             bonifaz@unam.mx                                   
Avenida Universidad 3000 Mexico CDMX                                            
 -1 -1 -1
Adriana Elizabeth Gonzalez Cabrera     525556224139         525556224140        
XXX             gonzalezc@igeofisica.unam.mx                      
Avenida Universidad 3000 Mexico CDMX                                            
*C0003
@LR4000CONST,140084,83004,CAL_20141112_KZ_CGR4_140084_83004,6.87,ND,ND,1.0,ND,ND
@LR4000CONST,140062,83007,CAL_20140905_KZ_CGR4_140062_83007,14.75,ND,ND,1.0,ND,&
ND
*U0004
 -1 -1 -1
 15  2
Frontera Comalapa, Chiapas                                                      
XXX                  XXX                 
XXX             XXX                                               
 105.784  88.010  606 XXXXX
 -1 -1 -1
   0  5   1  5   2  5   3  5   4  5   5  4   6  5   7  5   8  5   9  6  10  5
  11  5  12  5  13  5  14  6  15  5  16  5  17  5  18  5  19  5  20  5  21  4
  22  5  23  5  24  4  25  4  26  4  27  4  28  2  29  2  30  2  31  2  32  2
  33  4  34  4  35  5  36  5  37  5  38  5  39  5  40  6  41  6  42  5  43  4
  44  3  45  3  46  3  47  2  48  2  49  2  50  2  51  2  52  2  53  1  54  1
  55  2  56  3  57  3  58  3  59  3  60  3  61  3  62  2  63  5  64  2  65  1
  66  1  67  1  68  1  69  1  60  5  61  1  62  1  63  1  64  1  65  1  66  1
  67  1  68  1  69  1  70  5  71  1  72  1  73  1  74  1  75  1  76  1  77  1
  78  1  79  1  80  5  81  1  82  1  83  1  84  1  85  1  86  1  87  1  88  1
  89  1  90  5  91  1  92  1  93  1  94  1  95  1  96  1  97  1  98  1  99  1
 100  5 101  1 102  1 103  1 104  1 105  1 106  1 107  1 108  1 109  1 110  5
 111  1 112  1 113  1 114  1 115  1 116  1 117  1 118  1 119  1 120  5 121  1
 122  1 123  1 124  1 125  1 126  1 127  1 128  1 129  1 130  5 131  1 132  1
 133  1 134  1 135  1 136  1 137  1 138  1 139  1 130  5 131  1 132  1 133  1
 134  1 135  1 136  1 137  1 138  1 139  1 140  5 141  1 142  1 143  1 144  1
 145  1 146  1 147  1 148  1 149  1 150  5 151  1 152  1 153  1 154  1 155  1
 156  1 157  1 158  1 159  1 160  5 161  1 162  1 163  1 164  1 165  1 166  1
 167  1 168  1 169  1 160  5 161  1 162  1 163  1 164  1 165  1 166  1 167  1
 168  1 169  1 170  5 171  1 172  1 173  1 174  1 175  1 176  1 177  1 178  1
 179  1 180  5 181  1 182  1 183  1 184  1 185  1 186  1 187  1 188  1 189  1
 190  5 191  1 192  1 193  1 194  1 195  1 196  1 197  1 198  1 199  1 200  5
   1  1 201  1 202  1 203  1 204  1 205  1 206  1 207  1 208  1 209  1 210  5
 211  1 212  1 213  1 214  1 215  1 216  1 217  1 218  1 219  1 220  5 221  1
 222  1 223  1 224  1 225  1 226  1 227  1 228  1 229  1 230  5 231  1 232  1
 233  1 234  1 235  1 236  1 237  1 238  1 239  1 230  5 231  1 232  1 233  1
 234  1 235  1 236  1 237  1 238  1 239  1 240  5 241  1 242  1 243  1 244  1
 245  1 246  1 247  1 248  1 249  1 250  5 251  1 252  1 253  1 254  1 255  1
 256  1 257  1 258  1 259  1 260  5 261  1 262  1 263  1 264  1 265  1 266  1
 267  1 268  1 269  1 260  5 261  1 262  1 263  1 264  1 265  1 266  1 267  1
 268  1 269  1 270  5 271  1 272  1 273  1 274  1 275  1 276  1 277  1 278  1
 279  1 280  5 281  1 282  1 283  1 284  1 285  1 286  1 287  1 288  1 289  1
 290  5 291  1 292  1 293  1 294  1 295  1 296  1 297  1 298  1 299  1 300  5
 301  1 302  1 303  1 304  1 305  1 306  1 307  1 308  1 309  1 310  5 311  1
 312  1 313  1 314  1 315  1 316  1 317  1 318  1 319  1 320  5 321  1 322  1
 323  1 324  1 325  1 326  1 327  1 328  1 329  1 330  5 331  1 332  1 333  1
 334  1 335  1 336  1 337  1 338  1 339  1 330  5 331  1 332  1 333  1 334  1
 335  1 336  1 337  1 338  1 339  1 340  5 341  1 342  1 343  1 344  1 345  1
 346  1 347  1 348  1 349  1 350  5 351  1 352  1 353  1 354  1 355  1 356  1
 357  1 358  1 359  1  -1 -1  -1 -1  -1 -1  -1 -1  -1 -1  -1 -1  -1 -1  -1 -1
*U0007
 -1 -1 -1
XXX                                                                             
XXX                                                                             
XXX                                                                             
XXX                                                                             
XXX                                                                             
N N N N N N
*U0008
 -1 -1 -1 Y
KIPP & ZONEN                   CMP22           160486             08/24/17 83001
XXX                                                                             
 -1 -1  -1.000  -1.000  -1.000  -1.000  -1.000  -1.000 -1 -1
Selegua                        RBA, AEGC                               
11/29/19 12/03/19 12       8.3400       0.0700
XXX      XXX      -1      -1.0000      -1.0000
XXX      XXX      -1      -1.0000      -1.0000
microV/W^-2                                                                     
XXX                                                                             
 -1 -1 -1 Y
KIPP & ZONEN                   CHP1            140189             10/30/14 83002
XXX                                                                             
 -1 -1  -1.000  -1.000  -1.000  -1.000  -1.000  -1.000 -1 -1
Selegua                        RBA, AEGC                               
02/03/20 02/07/20 37       7.4400       0.0360
XXX      XXX      -1      -1.0000      -1.0000
XXX      XXX      -1      -1.0000      -1.0000
microV/W^-2                                                                     
XXX                                                                             
 -1 -1 -1 Y
KIPP & ZONEN                   CMP22           160484             08/24/17 83003
XXX                                                                             
 -1 -1  -1.000  -1.000  -1.000  -1.000  -1.000  -1.000 -1 -1
Selegua                        RBA, AEGC                               
11/29/19 12/03/19 12       9.7200       0.1000
XXX      XXX      -1      -1.0000      -1.0000
XXX      XXX      -1      -1.0000      -1.0000
microV/W^-2                                                                     
XXX                                                                             
 -1 -1 -1 Y
KIPP & ZONEN                   CGR4            140084             11/12/14 83004
XXX                                                                             
  3  3  -1.000   4.500  -1.000  -1.000  -1.000  -1.000 -1 -1
Manufacturer                   Manufacturer                            
11/12/14 XXX      -1       6.8700      -1.0000
XXX      XXX      -1      -1.0000      -1.0000
XXX      XXX      -1      -1.0000      -1.0000
microV/W^-2                                                                     
XXX                                                                             
 -1 -1 -1 Y
KIPP & ZONEN                   CMP22           160485             24/08/17 83005
XXX                                                                             
 -1 -1  -1.000  -1.000  -1.000  -1.000  -1.000  -1.000 -1 -1
Selegua                        Manufacturer                            
XXX      XXX      -1       9.7400      -1.0000
XXX      XXX      -1      -1.0000      -1.0000
XXX      XXX      -1      -1.0000      -1.0000
microV/W^-2                                                                     
XXX                                                                             
 -1 -1 -1 Y
KIPP & ZONEN                   CGR4            140062             09/05/14 83006
XXX                                                                             
  3  3  -1.000   4.500  -1.000  -1.000  -1.000  -1.000 -1 -1
Manufacturer                   Manufacturer                            
09/05/14 XXX      -1      14.7500      -1.0000
XXX      XXX      -1      -1.0000      -1.0000
XXX      XXX      -1      -1.0000      -1.0000
microV/W^-2                                                                     
XXX                                                                             
 -1 -1 -1 Y
Solar Light                    501A            19489              02/02/16 83007
XXX                                                                             
 -1 -1  -1.000  -1.000  -1.000  -1.000  -1.000  -1.000 -1 -1
Manufacturer                   Manufacturer                            
02/02/16 XXX      -1       0.2500      -1.0000
XXX      XXX      -1      -1.0000      -1.0000
XXX      XXX      -1      -1.0000      -1.0000
V/(MED/h)                                                                       
XXX                                                                             
*U0009
 -1 -1 -1         2 83001 -1
 -1 -1 -1         3 83002 -1
 -1 -1 -1         4 83003 -1
 -1 -1 -1         5 83004 -1
 -1 -1 -1        21 83005 -1
 -1 -1 -1        22 83006 -1
 -1 -1 -1        23 83007 -1
 -1 -1 -1       131 83007 -1
 -1 -1 -1       132 83007 -1
 -1 -1 -1       123 83007 -1