*C0001
 83  4 2023  1
         2         3         4         5        21        22        23       131
       132       123        -1        -1        -1        -1        -1        -1
*U0002
 -1 -1 -1
Dr. Roberto Bonifaz                    525519971713         525556224140        
XXX             bonifaz@unam.mx                                   
Avenida Universidad 3000 Mexico CDMX                                            
 -1 -1 -1
Adriana Elizabeth Gonzalez Cabrera     525556224139         525556224140        
XXX             gonzalezc@igeofisica.unam.mx                      
Avenida Universidad 3000 Mexico CDMX                                            
*C0003
@LR4000CONST, 140084, ND, ND,  6.87, ND, ND, ND, ND, ND
@LR4000CONST, 140062, ND, ND, 14.75, ND, ND, ND, ND, ND
*U0004
 -1 -1 -1
 15  2
Frontera Comalapa, Chiapas                                                      
XXX                  XXX                 
XXX             XXX                                               
 105.784  88.010  606 XXXXX
 -1 -1 -1
   0  5   1  5   2  5   3  5   4  5   5  4   6  5   7  5   8  5   9  6  10  5
  11  5  12  5  13  5  14  6  15  5  16  5  17  5  18  5  19  5  20  5  21  4
  22  5  23  5  24  4  25  4  26  4  27  4  28  2  29  2  30  2  31  2  32  2
  33  4  34  4  35  5  36  5  37  5  38  5  39  5  40  6  41  6  42  5  43  4
  44  3  45  3  46  3  47  2  48  2  49  2  50  2  51  2  52  2  53  1  54  1
  55  2  56  3  57  3  58  3  59  3  60  3  61  3  62  2  63  5  64  2  65  3
  66  4  67  3  68  3  69  3  70  2  71  2  72  2  73  2  74  2  75  2  76  2
  77  2  78  2  79  2  80  3  81  3  82  3  83  3  84  4  85  3  86  4  87  4
  88  4  89  3  90  3  91  2  92  2  93  3  94  3  95  3  96  3  97  3  98  3
  99  3 100  3 101  2 102  3 103  2 104  2 105  3 106  3 107  3 108  2 109  2
 110  2 111  2 112  2 113  3 114  4 115  5 116  4 117  5 118  5 119  5 120  5
 121  5 122  5 123  6 124  5 125  4 126  4 127 13 128  4 129  4 130  4 131  4
 132  4 133  4 134  4 135  4 136  4 137  4 138  4 139  5 140  4 141  5 142  4
 143  5 144  5 145  5 146  5 147  5 148  5 149  2 150  5 151  5 152  5 153  5
 154  5 155  5 156  5 157  5 158  3 159  3 160  4 161  4 162  3 163  4 164  4
 165  4 166  4 167  4 168  4 169  4 170  4 171  4 172  4 173  4 174  4 175  4
 176  4 177  4 178  4 179  4 180  4 181  4 182  4 183  4 184  4 185  4 186  3
 187  4 188  4 189  4 190  3 191  3 192  3 193  3 194  3 195  3 196  3 197  4
 198  5 199  4 200  3 201  3 202  3 203  3 204  3 205  2 206  3 207  3 208  3
 209  3 210  3 211  3 212  3 213  2 214  2 215  2 216  2 217  2 218  2 219  2
 220  2 221  2 222  2 223  2 224  3 225  3 226  2 227  2 228  2 229  2 230  2
 231  2 232  2 233  2 234  2 235  2 236  2 237  2 238  2 239  2 240  2 241  2
 242  3 243  3 244  2 245  2 246  2 247  2 248  2 249  2 250  2 251  3 252  3
 253  3 254  2 255  2 256  1 257  2 258  1 259  2 260  2 261  3 262  3 263  3
 264  3 265  3 266  1 267  1 268  1 269  1 270  1 271  1 272  1 273  1 274  1
 275  1 276  1 277  1 278  1 279  1 280  1 281  1 282  1 283  1 284  1 285  1
 286  0 287  0 288  0 289  0 290  0 291  1 292  1 293  2 294  1 295  0 296  1
 297  2 298  3 299  4 300  3 301  3 302  3 303  3 304  3 305  3 306  4 307  4
 308  4 309  4 310  2 311  2 312  2 313  2 314  0 315  1 316  1 317  1 318  1
 319  1 320  1 321  1 322  1 323  1 324  1 325  1 326  1 327  1 328  1 329  0
 330  0 331  2 332  2 333  2 334  2 335  2 336  3 337  3 338  3 339  4 340  3
 341  4 342  3 343  1 344  2 345  2 346  2 347  2 348  3 349  3 350  3 351  2
 352  3 353  4 354  4 355  4 356  4 357  5 358  5 359  5  -1 -1  -1 -1  -1 -1
*U0007
 -1 -1 -1
XXX                                                                             
XXX                                                                             
XXX                                                                             
XXX                                                                             
XXX                                                                             
N N N N N N
*U0008
 -1 -1 -1 Y
KIPP & ZONEN                   CMP22           160486             08/24/17 83001
XXX                                                                             
 -1 -1  -1.000  -1.000  -1.000  -1.000  -1.000  -1.000 -1 -1
Selegua                        RBA, AEGC                               
11/29/19 12/03/19 12       8.3400       0.0700
XXX      XXX      -1      -1.0000      -1.0000
XXX      XXX      -1      -1.0000      -1.0000
microV/W^-2                                                                     
XXX                                                                             
 -1 -1 -1 Y
KIPP & ZONEN                   CHP1            140189             10/30/14 83002
XXX                                                                             
 -1 -1  -1.000  -1.000  -1.000  -1.000  -1.000  -1.000 -1 -1
Selegua                        RBA, AEGC                               
02/03/20 02/07/20 37       7.4400       0.0360
XXX      XXX      -1      -1.0000      -1.0000
XXX      XXX      -1      -1.0000      -1.0000
microV/W^-2                                                                     
XXX                                                                             
 -1 -1 -1 Y
KIPP & ZONEN                   CMP22           160484             08/24/17 83003
XXX                                                                             
 -1 -1  -1.000  -1.000  -1.000  -1.000  -1.000  -1.000 -1 -1
Selegua                        RBA, AEGC                               
11/29/19 12/03/19 12       9.7200       0.1000
XXX      XXX      -1      -1.0000      -1.0000
XXX      XXX      -1      -1.0000      -1.0000
microV/W^-2                                                                     
XXX                                                                             
 -1 -1 -1 Y
KIPP & ZONEN                   CGR4            140084             11/12/14 83004
XXX                                                                             
  3  3  -1.000   4.500  -1.000  -1.000  -1.000  -1.000 -1 -1
Manufacturer                   Manufacturer                            
11/12/14 XXX      -1       6.8700      -1.0000
XXX      XXX      -1      -1.0000      -1.0000
XXX      XXX      -1      -1.0000      -1.0000
microV/W^-2                                                                     
XXX                                                                             
 -1 -1 -1 Y
KIPP & ZONEN                   CMP22           160485             24/08/17 83005
XXX                                                                             
 -1 -1  -1.000  -1.000  -1.000  -1.000  -1.000  -1.000 -1 -1
Selegua                        Manufacturer                            
XXX      XXX      -1       9.7400      -1.0000
XXX      XXX      -1      -1.0000      -1.0000
XXX      XXX      -1      -1.0000      -1.0000
microV/W^-2                                                                     
XXX                                                                             
 -1 -1 -1 Y
KIPP & ZONEN                   CGR4            140062             09/05/14 83006
XXX                                                                             
  3  3  -1.000   4.500  -1.000  -1.000  -1.000  -1.000 -1 -1
Manufacturer                   Manufacturer                            
09/05/14 XXX      -1      14.7500      -1.0000
XXX      XXX      -1      -1.0000      -1.0000
XXX      XXX      -1      -1.0000      -1.0000
microV/W^-2                                                                     
XXX                                                                             
 -1 -1 -1 Y
Solar Light                    501A            19489              02/02/16 83007
XXX                                                                             
 -1 -1  -1.000  -1.000  -1.000  -1.000  -1.000  -1.000 -1 -1
Manufacturer                   Manufacturer                            
02/02/16 XXX      -1       0.2500      -1.0000
XXX      XXX      -1      -1.0000      -1.0000
XXX      XXX      -1      -1.0000      -1.0000
V/(MED/h)                                                                       
XXX                                                                             
*U0009
 -1 -1 -1         2 83001 -1
 -1 -1 -1         3 83002 -1
 -1 -1 -1         4 83003 -1
 -1 -1 -1         5 83004 -1
 -1 -1 -1        21 83005 -1
 -1 -1 -1        22 83006 -1
 -1 -1 -1        23 83007 -1
 -1 -1 -1       131 83007 -1
 -1 -1 -1       132 83007 -1
 -1 -1 -1       123 83007 -1